24 # Number of datasets
500 0.1 0.05 # Number of iterations, alpha, conc for CFE output


20 18 116.76156 # Number of surfactants, Number of lines, Box volume

  1  12.297129 0.64027376 # clustersize, average number of this cluster, # STDV
  2  1.9898654 0.12831582
  3   0.572645 0.063656483
  4 0.21094342 0.043843546
  5 0.089766997 0.031451967
  6 0.040253247 0.019108215
  7 0.020708615 0.017100815
  8 0.011473226 0.014246429
  9 0.0094620278 0.015841326
 10 0.0072605005 0.015518839
 11 0.0032499055 0.0073289485
 12 0.0020590909 0.0069841713
 13 0.00090090909 0.0049469068
 14 0.00013454545 0.00073352879
 15 4.5454545e-05 0.00021590931
 16 6.3636364e-05 0.00033824802
 17    2.0e-05 0.00014562717
 18 2.6363636e-05 0.00019196309



25 21 116.76156

  1  13.166342  1.4484846
  2  2.3627517 0.43723639
  3  0.7424839 0.16799241
  4 0.31448475 0.085910833
  5 0.15116864 0.047962378
  6 0.084618644 0.036436439
  7 0.047116949 0.025549916
  8    0.03085 0.02347618
  9 0.022164407 0.02475722
 10 0.018526271 0.023434059
 11 0.014771186 0.023529383
 12 0.013900847 0.024826481
 13 0.011116949 0.022928534
 14 0.010139831 0.021458262
 15 0.012909322 0.031694401
 16 0.014224576 0.042667589
 17 0.010211864 0.033132567
 18 0.0059440678 0.020341199
 19 0.0030466102 0.010825852
 20 0.0010754237 0.0058559212
 21 4.0677966e-05 0.00021522771



30 29 116.76156

  1  10.601432  3.1464542
  2  1.6400263 0.87621966
  3 0.47867797 0.36292561
  4 0.18658051 0.17289823
  5 0.098808475 0.092486967
  6 0.062613559 0.057367099
  7 0.044941525 0.041613365
  8 0.035466102 0.033918628
  9 0.03230339 0.03304632
 10 0.030612712 0.033603818
 11 0.027320339 0.031388121
 12 0.029002542 0.035035584
 13 0.030783051 0.039038481
 14 0.032935593 0.043032942
 15 0.037587288 0.040551858
 16 0.040589831 0.043085256
 17 0.043155085 0.044277156
 18 0.044599153 0.045188578
 19 0.047894068 0.051905755
 20 0.051514407 0.054902266
 21 0.053633051 0.058840134
 22 0.062744068 0.067989974
 23 0.058377119 0.074008593
 24 0.035213559 0.049640838
 25    0.02325 0.031855786
 26 0.011418644 0.024680388
 27 0.0027440678 0.0084486827
 28 0.00056694915 0.0023534969
 29 0.00030762712 0.0017398054



35 34 116.76156

  1  9.2006585  1.9550771
  2  1.1608025 0.56120082
  3 0.26510678  0.2242454
  4 0.07669661 0.10247057
  5 0.027179661  0.0532136
  6 0.013027119 0.032695573
  7 0.0071771186 0.018687817
  8 0.0052033898 0.014027125
  9 0.0038779661 0.012104891
 10 0.0038745763 0.012042106
 11 0.0053957627 0.015736584
 12 0.0081322034 0.021444226
 13 0.010035593 0.02209501
 14 0.011722881 0.023881709
 15 0.013545763 0.019814159
 16 0.018848305 0.025366782
 17 0.025352542 0.034767222
 18 0.033907627 0.046168716
 19 0.043424576 0.046708511
 20 0.054528814 0.044797424
 21 0.066347458 0.039994445
 22 0.08230339 0.048302791
 23 0.10376525 0.061583755
 24    0.11385 0.071393202
 25 0.10323814 0.067749396
 26 0.088960169 0.061959901
 27 0.072298305 0.058519203
 28 0.050476271 0.053451082
 29 0.028594068 0.040859673
 30 0.015848305 0.03169927
 31 0.0052711864 0.012152704
 32 0.00095762712 0.0027848043
 33 5.3389831e-05 0.00031422211
 34 8.4745763e-07 6.399116e-06



40 39 116.76156

  1  8.8825209  1.2035323
  2  1.0062509 0.26318134
  3 0.20779545 0.086061978
  4    0.05252 0.03303975
  5 0.016136364 0.018460541
  6 0.0068345455 0.011426605
  7 0.0016736364 0.004090521
  8 0.00069545455 0.0024243689
  9 0.00035545455 0.0015108339
 10 3.3636364e-05 0.00016347554
 11 2.7272727e-06 1.4583112e-05
 12 1.0909091e-05 7.9433002e-05
 13    2.0e-05 0.00014562717
 14 0.00021454545 0.0015621824
 15 0.00088727273 0.0064605508
 16 0.00078818182 0.0057390344
 17 0.00069363636 0.0049796218
 18 0.0016545455 0.0074591346
 19 0.0062272727 0.015092169
 20 0.0089590909 0.017280983
 21 0.015215455 0.023610511
 22 0.024564545 0.033934352
 23 0.037131818 0.043168631
 24 0.056216364 0.053860507
 25 0.062456364 0.054894379
 26 0.079638182 0.054059233
 27 0.10416727 0.061207711
 28 0.11656545 0.059741234
 29 0.11740636 0.059924246
 30 0.10869273 0.069516558
 31 0.097079091  0.0723032
 32 0.071678182 0.063971687
 33 0.047947273 0.054542634
 34    0.02858 0.039726752
 35 0.0093854545 0.018441639
 36 0.0034372727 0.014434016
 37 0.00037363636 0.0016588359
 38 7.2727273e-06 3.7968313e-05
 39 9.0909091e-07 6.6194168e-06



45 45 116.76156

  1  9.5906297  1.2182585
  2  1.1697924 0.31818667
  3 0.25269407 0.10871726
  4 0.066792373 0.050090392
  5 0.024595763 0.028538692
  6 0.0090372881 0.014032674
  7 0.0037889831 0.0079150343
  8 0.0019957627 0.0062378385
  9 0.0017237288 0.0064154107
 10 0.00042033898 0.0015612615
 11 0.00048305085 0.0031359348
 12 0.00045847458 0.0033840469
 13 5.0847458e-06 2.329862e-05
 14 6.779661e-06 4.5036369e-05
 15 0.00019491525 0.0014199721
 16 0.00059745763 0.0033285759
 17 0.00089830508 0.0057518685
 18 0.00093728814 0.0069542652
 19 0.00057288136 0.002977062
 20 0.00025677966 0.00099028812
 21 0.0010932203 0.0040355959
 22 0.0040381356 0.012549968
 23 0.0096254237 0.020126782
 24 0.015766102 0.023872667
 25 0.024807627 0.033150319
 26 0.035338983 0.043721895
 27 0.050552542 0.054880015
 28 0.058679661 0.053301739
 29 0.065650847 0.054965499
 30 0.079592373 0.057119396
 31 0.094599153 0.058238548
 32 0.10704661 0.072681355
 33 0.10796356 0.072648154
 34 0.09500339 0.057736984
 35 0.084048305  0.0583045
 36 0.058965254 0.060419126
 37 0.043136441 0.048622318
 38 0.029194915 0.040665928
 39 0.015044915 0.025896685
 40 0.0063889831 0.012491631
 41 0.0050118644 0.012940111
 42 0.0017847458 0.0068268124
 43    0.00135 0.0066467974
 44 0.0017076271 0.009018989
 45 0.00014491525 0.0010364252



50 47 116.76156

  1  10.430201  1.0776392
  2  1.3960814 0.31832695
  3 0.32403136 0.12204308
  4 0.10950763 0.064310258
  5 0.038005932  0.0314995
  6 0.016140678 0.018423089
  7 0.0088516949 0.015871069
  8 0.0062398305 0.016134318
  9 0.0041677966 0.018126919
 10 0.00088559322 0.0047577883
 11 0.00071440678 0.0052077603
 12 0.00071525424 0.0053241597
 13 0.00017372881 0.0012793101
 14 5.5084746e-05 0.00041594254
 15 4.1525424e-05 0.00031355668
 16 0.00010423729 0.00078709126
 17 1.5254237e-05 0.00011518409
 19 8.4745763e-07 6.399116e-06
 20 1.6101695e-05 0.0001215832
 21 0.00034322034 0.002591642
 22 0.00044067797 0.0031847798
 23 0.00089491525 0.00425493
 24 0.0024161017 0.0097229131
 25 0.0039813559 0.012937824
 26 0.0066338983 0.018136072
 27 0.010365254 0.020840785
 28 0.020188983 0.033439505
 29 0.034729661 0.04446627
 30 0.04319661 0.042778276
 31 0.062576271 0.043149158
 32 0.080922034 0.047411498
 33 0.093759322 0.05508166
 34 0.10286695 0.052427694
 35 0.10000169 0.050712844
 36 0.093995763 0.049425988
 37 0.085755085 0.057705421
 38 0.072224576 0.063702682
 39 0.062678814 0.06264985
 40 0.048992373 0.056776064
 41 0.035558475 0.050415508
 42 0.021419492 0.038104366
 43 0.0093974576 0.022691663
 44 0.0039330508 0.011283654
 45 0.0016966102 0.0062535981
 46 0.00081355932 0.003833322
 47 0.00019067797 0.0012666119
 48 1.0169492e-05 5.3362122e-05



55 50 116.76156

  1  11.757743   1.074962
  2  1.7276493 0.32280544
  3 0.45021884 0.12720008
  4 0.15664275 0.067216075
  5 0.060362319 0.036591842
  6 0.027868116 0.026263634
  7 0.015262319 0.019296731
  8 0.010973188 0.023639874
  9 0.0045333333 0.013084636
 10 0.0022586957 0.0091249155
 11 0.0021565217 0.010710576
 12 0.00080797101 0.0043945789
 13 0.00049130435 0.003008079
 14 0.00030144928 0.0021057485
 15 0.00091956522 0.0074081345
 16 0.00092898551 0.0075396037
 17 0.0016413043 0.013436108
 18 0.0011927536 0.009764165
 19 8.6956522e-06 7.1184678e-05
 22 7.2463768e-06 4.2196683e-05
 23 0.00084130435 0.0067021314
 24 0.0005057971 0.0025019857
 25 0.0026862319 0.01189794
 26 0.0035818841 0.01404662
 27 0.0061782609 0.016963373
 28 0.009073913 0.020250191
 29 0.014261594 0.026917239
 30 0.019097826 0.028724781
 31 0.027466667 0.033021478
 32 0.043334058 0.038768294
 33 0.060107971 0.048300868
 34 0.073131884 0.049667653
 35 0.084168841 0.045501624
 36 0.098503623 0.053905573
 37 0.09932971 0.052886326
 38 0.097991304 0.051977693
 39 0.091384058 0.049744858
 40 0.081155072 0.056589173
 41 0.066558696 0.056195487
 42 0.045314493 0.047204595
 43 0.034315217 0.041170003
 44 0.019484058 0.025418232
 45 0.010863043 0.020002973
 46 0.0057782609 0.011956468
 47 0.0028231884 0.010022444
 48 0.0013362319 0.004287041
 49 0.00059130435 0.002636281
 50 9.9275362e-05 0.00041835205
 51 2.6811594e-05 0.00017286551
 52 2.173913e-06 1.3108951e-05



20 13 172.23249

  1  14.053045  0.4497375
  2  1.8336203 0.095629762
  3 0.41871017 0.04872668
  4 0.12676864 0.028433856
  5 0.049425424 0.023490917
  6 0.020162712 0.016463986
  7 0.0098805085 0.015904642
  8 0.0051745763 0.011549684
  9 0.0024228814 0.0071339382
 10 0.0012466102 0.0069801205
 11 0.00027711864 0.0011961709
 12 3.6440678e-05 0.00015307275
 13 6.779661e-06 4.0056781e-05



25 17 172.23249

  1  15.989037 0.69178933
  2  2.4051059 0.14646101
  3 0.65456271 0.074101008
  4 0.24643644 0.043275817
  5 0.10242288 0.03874626
  6 0.046871186 0.030282913
  7 0.024325424 0.021781874
  8 0.014124576 0.017150388
  9 0.0073635593 0.012071622
 10 0.0027559322 0.0050473397
 11 0.0023754237 0.010722529
 12 0.0013347458 0.0060150526
 13 0.00080169492 0.0039860822
 14 0.0010805085 0.0074345793
 15 0.00081016949 0.0060410577
 16 5.9322034e-05 0.00043495147
 17 4.2372881e-06 2.6173238e-05



30 27 172.23249

  1  17.097552  2.1178137
  2  2.7735466 0.53225535
  3     0.8215 0.19370066
  4 0.31357034 0.089418615
  5 0.14190339 0.05474948
  6 0.075615254 0.033783913
  7 0.043240678 0.024214188
  8 0.028107627 0.022765781
  9 0.017518644 0.018528261
 10 0.012382203 0.015807339
 11 0.012113559 0.020995531
 12 0.010627119 0.022353672
 13 0.0080533898 0.017326523
 14 0.0076338983 0.022063136
 15 0.0076110169 0.020573148
 16 0.0079398305 0.023800228
 17 0.0072245763 0.021725081
 18 0.0079940678 0.028148443
 19 0.0075635593 0.027465775
 20 0.008559322 0.036910697
 21 0.0050415254 0.019203547
 22 0.0037135593 0.014181993
 23 0.0040398305 0.020443144
 24 0.0026762712 0.013988013
 25 0.00090169492 0.0057766417
 26 2.5423729e-05 0.00017921777
 27 4.6610169e-05 0.00035195138



35 35 172.23249

  1  14.678911  4.1710703
  2  2.2271627  1.1212797
  3 0.62491271  0.4100311
  4 0.23564492 0.17848838
  5 0.10880932 0.093563403
  6 0.059377119 0.057407587
  7 0.035488136 0.03497539
  8 0.023388136 0.025322722
  9 0.016897458 0.019878921
 10 0.017427966 0.028196307
 11 0.01815339 0.032814737
 12 0.020711017 0.031742221
 13 0.021502542 0.032970504
 14    0.02515 0.036531391
 15 0.02795339 0.039821812
 16 0.036563559 0.051988793
 17 0.040030508 0.056786253
 18 0.039850847 0.051459769
 19 0.037958475 0.047420413
 20 0.041312712 0.052294487
 21 0.03855339 0.042123527
 22 0.043947458 0.058693551
 23 0.043019492 0.061744402
 24 0.036884746 0.061828342
 25 0.028883898 0.051246217
 26 0.021794068 0.04458819
 27 0.021083898 0.047440215
 28 0.013663559 0.03417511
 29 0.0063627119 0.018331102
 30 0.0030415254 0.011527252
 31 0.0022127119 0.010359372
 32 0.0020245763 0.011934927
 33 0.0016135593 0.0095082528
 34 0.00010677966 0.00073694721
 35 8.4745763e-07 6.399116e-06



40 38 172.23249

  1  11.360158  2.0233702
  2  1.2071814 0.48723491
  3 0.24284915 0.20085977
  4 0.067076271 0.098670217
  5 0.024884746 0.047839113
  6 0.0097822034 0.030814479
  7 0.006079661 0.021220118
  8 0.0030516949 0.010184794
  9 0.0016932203 0.0079539112
 10 0.0018974576 0.0066734475
 11 0.0024135593 0.0081873978
 12 0.0030864407 0.010842788
 13 0.0033033898 0.012332455
 14 0.0050025424 0.019001658
 15 0.0064949153 0.018408126
 16 0.0071957627 0.020753401
 17 0.0098940678 0.023722842
 18 0.017383051 0.025387696
 19 0.022139831 0.02893016
 20 0.030581356 0.034599985
 21 0.041540678 0.041831335
 22 0.057644068 0.050440663
 23 0.071571186 0.054340998
 24 0.082428814 0.048339469
 25 0.091894915 0.053597683
 26 0.097933898 0.057473013
 27 0.10137627 0.069657581
 28 0.091935593 0.067387792
 29 0.07760339 0.064031301
 30 0.058818644 0.056146886
 31 0.044795763 0.058222423
 32 0.028028814 0.046215243
 33     0.0108 0.027247105
 34 0.0079449153 0.024293493
 35 0.0037779661 0.013227124
 36 0.0016084746 0.0074761669
 37 0.00011694915 0.00066237644
 38 5.9322034e-06 3.4053258e-05



45 41 172.23249

  1  12.183097  1.7001274
  2  1.3486669 0.36852332
  3 0.26032288 0.11303715
  4 0.062087288 0.04934103
  5 0.019527119 0.025657416
  6 0.0074050847 0.018956829
  7 0.0038144068 0.012851175
  8 0.001829661 0.0070134994
  9 0.0014355932 0.0069178764
 10 0.00074745763 0.0039972505
 11 0.00078898305 0.0053287486
 12 0.0012457627 0.0088119772
 13 0.0013228814 0.0093971739
 14 0.0012372881 0.0078204159
 15 0.0014449153 0.0072689942
 16 0.0020347458 0.0092886765
 17 0.0022525424 0.0090496165
 18 0.0033084746 0.011464297
 19 0.0060347458 0.019698526
 20 0.006870339 0.019729369
 21 0.0086389831 0.015270718
 22 0.015911017 0.023173141
 23 0.030023729 0.032530604
 24 0.041048305 0.042814316
 25 0.053082203 0.050540979
 26 0.069887288 0.055549352
 27 0.086349153 0.062209895
 28 0.090380508 0.054247095
 29 0.093271186 0.048936039
 30 0.10753729 0.060005938
 31 0.10597881 0.067661914
 32     0.0884 0.064334168
 33 0.068034746 0.058259528
 34 0.049581356 0.052183815
 35 0.030018644 0.047147034
 36 0.01599661 0.03566236
 37 0.011287288 0.026740852
 38 0.0034805085 0.0094883053
 39 0.0012381356 0.0059490359
 40 0.00024067797 0.0010698737
 41 1.0169492e-05 5.6449084e-05



50 47 172.23249

  1   12.90899  1.7070639
  2  1.5263893 0.38786633
  3 0.30836293 0.12325081
  4 0.08335463 0.050785472
  5 0.028573223 0.024992241
  6 0.011895043 0.015068528
  7 0.0073990566 0.016044726
  8 0.0040773585 0.0098047179
  9 0.0041801887 0.013666242
 10 0.0025858491 0.010506191
 11 0.0011518868 0.0049939999
 12 0.0008254717 0.0049452393
 13 0.00099433962 0.0065498219
 14 0.001245283 0.0069331859
 15 0.0015896226 0.0074598468
 16 0.0015556604 0.0064027626
 17 0.0024613208 0.010224074
 18 0.0024981132 0.0094265463
 19 0.0038943396 0.011391867
 20 0.0038990566 0.010647736
 21 0.0066764151 0.015030626
 22 0.013232075 0.028992478
 23 0.015016038 0.026395814
 24 0.019033019 0.030675636
 25 0.021333019 0.034840076
 26 0.020839623 0.029489208
 27 0.030888679 0.040865881
 28 0.038185128 0.043259166
 29 0.05187198 0.043211369
 30 0.069950043 0.045256425
 31 0.083219523 0.048151516
 32 0.091048983 0.049903347
 33 0.10102992 0.056197029
 34  0.1014809 0.058606653
 35 0.090516877 0.065795392
 36 0.075322376 0.055891173
 37 0.057042802  0.0494354
 38 0.036763343 0.037487779
 39 0.024550682 0.035618356
 40 0.015124048 0.037535646
 41 0.0091509434 0.023712952
 42 0.0074424528 0.021640704
 43 0.0047632075 0.016841951
 44 0.0016122642 0.0065011182
 45 0.0014301887 0.0089649069
 46 0.00013679245 0.00083694352
 47 1.9811321e-05 0.00011006633



55 43 172.23249

  1  13.954249  1.2543709
  2  1.7851744 0.29909449
  3 0.39500641  0.1247152
  4 0.11052308 0.052313631
  5 0.043982051 0.037432876
  6 0.015710256 0.020068746
  7 0.0064653846 0.010413979
  8 0.0038141026 0.0086338428
  9 0.0028692308 0.0077231394
 10 0.0017205128 0.0062627176
 11 0.0012833333 0.0056889651
 12 0.00048974359 0.0025381517
 13 0.00017692308 0.00095886374
 14 6.4102564e-06 2.7445543e-05
 22 1.6666667e-05 6.1324414e-05
 23 0.00046666667 0.0012899292
 24 0.0037833333 0.011073171
 25 0.0048987179 0.015655393
 26 0.0095012821 0.022380657
 27 0.010774359 0.019233412
 28 0.015678205 0.020852942
 29 0.023960256 0.027310463
 30 0.037428205 0.034495386
 31 0.053138462 0.046133026
 32 0.068160256 0.048119309
 33 0.087933333 0.050355978
 34 0.095496154 0.053605665
 35 0.10535513 0.054759896
 36 0.090717949 0.048406185
 37 0.092680769 0.051117575
 38 0.079738462 0.051095442
 39 0.066476923 0.052488055
 40 0.052585897 0.058189561
 41 0.038692308 0.054100966
 42 0.025207692 0.035892417
 43 0.016537179 0.029753187
 44 0.0096307692 0.017825872
 45 0.0062064103 0.013838584
 46 0.0032948718 0.011614474
 47 0.0012910256 0.0057417465
 48 0.00029871795 0.0015060076
 49 3.5897436e-05 0.0002026785
 50 1.4102564e-05 8.5812267e-05



20 11 214.41000

  1   15.07737 0.33945164
  2  1.7072075 0.093289467
  3  0.3354625 0.03931135
  4   0.082605 0.028440749
  5   0.025695 0.020574358
  6   0.004325 0.0048481246
  7    0.00218 0.0051745541
  8   0.000155 0.00032742366
  9    4.5e-05 0.00010725554
 10    5.0e-06 2.1242646e-05
 11    2.5e-06 1.0621323e-05



25 17 214.41000

  1  17.442308 0.52188484
  2  2.2825275 0.11534872
  3   0.540155 0.054820313
  4   0.171585 0.039245599
  5    0.06532 0.025185007
  6  0.0217475 0.012772377
  7  0.0105575 0.012450194
  8  0.0079225 0.019498624
  9    0.00463 0.012407135
 10    0.00223 0.0080858497
 11   0.001585 0.0067267002
 12    0.00041 0.001741897
 13  0.0001975 0.00083908451
 14  0.0001175 0.00049920218
 15    3.5e-05 0.00014869852
 16   2.25e-05 9.5591906e-05
 17    2.5e-06 1.0621323e-05



30 18 214.41000

  1  19.169798  0.8627755
  2  2.8964625 0.17683514
  3    0.76875 0.10502029
  4  0.2697975 0.044451365
  5    0.11472 0.028860632
  6   0.052845 0.023004418
  7  0.0279375 0.022357258
  8   0.015255 0.017133643
  9    0.01221 0.021799924
 10   0.010395 0.023495193
 11   0.007525 0.018674619
 12    0.00712 0.020648467
 13  0.0029675 0.0069296484
 14  0.0010575 0.0025068423
 15  0.0002825 0.00073398463
 16  0.0001925 0.00071952632
 17    4.5e-05 0.00019118381
 18    2.5e-06 1.0621323e-05



35 28 214.41000

  1   19.72936  3.2397459
  2    2.98781 0.82970867
  3    0.80823  0.2915923
  4    0.29853 0.12996973
  5    0.12229 0.058339467
  6  0.0586075 0.03407248
  7  0.0385375 0.027596817
  8   0.025905 0.021044455
  9  0.0197075 0.025380091
 10  0.0178875 0.026522742
 11   0.017585 0.028537638
 12    0.01217 0.019798105
 13  0.0107925 0.01707245
 14    0.01064 0.017017911
 15  0.0158575 0.031561851
 16  0.0175775 0.039227394
 17  0.0250925 0.048299799
 18  0.0280225  0.0504733
 19   0.023705 0.042071905
 20  0.0262675 0.05051756
 21   0.016855 0.029377227
 22    0.01277 0.027761721
 23  0.0047675 0.011605323
 24   0.002085 0.0057450288
 25    0.00062 0.0015215387
 26    0.00042 0.0012630954
 27    0.00011 0.00033371395
 28   4.75e-05 0.00013856745



40 37 214.41000

  1  15.344939  3.9608812
  2  1.8294022  1.0189722
  3 0.43885652 0.34869726
  4 0.14165435 0.15488427
  5 0.062791304 0.080773261
  6 0.02978913 0.047009139
  7 0.023497826 0.040682378
  8 0.018773913 0.034109973
  9 0.018902174 0.041380343
 10 0.0095978261 0.020973256
 11 0.0049347826 0.010109382
 12 0.0075478261 0.015300564
 13 0.0088826087 0.02193568
 14 0.016121739 0.028602382
 15 0.019423913 0.031790161
 16 0.022093478 0.024353812
 17 0.034741304 0.035531464
 18 0.047997826 0.050920401
 19 0.049478261 0.049287251
 20 0.055071739 0.053942495
 21 0.067578261 0.061247088
 22 0.059634783 0.046103286
 23 0.072036957 0.05618788
 24 0.076652174 0.06097204
 25 0.061491304 0.06301508
 26 0.053654348 0.057730387
 27 0.038617391 0.04939633
 28 0.036958696 0.063318308
 29 0.028895652 0.04717815
 30 0.015567391 0.027074265
 31 0.0080913043 0.016943884
 32 0.0074021739 0.031348046
 33 0.005873913 0.026979366
 34 0.0039652174 0.018197605
 35 0.001473913 0.0067613065
 36 6.0869565e-05 0.000279228
 37 2.173913e-06 9.9724285e-06



45 41 214.41000

  1  14.819213  4.2529688
  2  1.7886375  1.0362403
  3   0.408015 0.36557118
  4  0.1405325 0.17363112
  5    0.06827 0.10184325
  6    0.02986 0.049799865
  7  0.0189825 0.034070279
  8  0.0142175 0.028241522
  9   0.014035 0.029090027
 10  0.0132825 0.029337211
 11  0.0128925 0.025401406
 12    0.01224 0.023797462
 13   0.013285 0.023875666
 14  0.0142525 0.02871792
 15   0.014285 0.031433803
 16   0.019375 0.038797297
 17    0.01487 0.025191496
 18    0.01754 0.027445665
 19  0.0115325 0.019568745
 20    0.01327 0.018630859
 21  0.0219625 0.037647983
 22  0.0194325 0.034290722
 23  0.0261875 0.038441718
 24    0.03764 0.048325969
 25  0.0393475 0.04377558
 26  0.0453925 0.046486084
 27  0.0604225 0.054670876
 28  0.0667725 0.048635003
 29    0.06619 0.054694156
 30   0.068405 0.052185811
 31  0.0714325 0.066699906
 32   0.055955 0.058557572
 33   0.050245 0.056169008
 34  0.0459325 0.071280348
 35  0.0264975 0.045084396
 36  0.0158375 0.031262715
 37  0.0115175 0.028259728
 38  0.0077125 0.018314078
 39   0.001505 0.0046755164
 40   0.000435 0.0010959853
 41  0.0001025 0.00029268264



50 42 214.41000

  1  14.781968  1.7360803
  2    1.67636 0.42080019
  3   0.337715 0.12328412
  4    0.08881 0.046353044
  5  0.0305975 0.01996238
  6  0.0114275 0.019559243
  7   0.005915 0.011345048
  8    0.00438 0.010912481
  9    0.00072 0.0017774167
 10    0.00023 0.00064616561
 11    2.5e-06 1.0621323e-05
 13   0.000205 0.00087094848
 14   0.000215 0.00091343377
 15    0.00092 0.0039086468
 16  0.0039975 0.016983495
 17   0.004015 0.017057845
 18  0.0036475 0.01549651
 19  0.0043475 0.018484296
 20  0.0056075 0.023448186
 21    0.00531 0.016888258
 22  0.0057625 0.014569585
 23   0.015255 0.030208852
 24    0.02662 0.040640612
 25   0.037025 0.049290519
 26    0.04984 0.057586041
 27   0.070345 0.065027596
 28  0.0786575 0.054611385
 29  0.0948825 0.064034249
 30  0.1033575 0.07034226
 31  0.1085025 0.051545978
 32  0.0965925 0.05487068
 33  0.0901975 0.053485619
 34  0.0629275 0.059151668
 35    0.04869 0.065558939
 36  0.0294025 0.046641482
 37  0.0236125 0.033151933
 38  0.0120875 0.021555412
 39   0.012115 0.031016843
 40   0.004645 0.013555272
 41  0.0011575 0.0038090609
 42   5.25e-05 0.00015500302
 43    7.5e-06 3.1863969e-05



55 45 214.41000

  1  16.104787   1.840645
  2  1.8902571  0.4196043
  3 0.39066143  0.1480106
  4    0.10903 0.057059564
  5 0.035027143 0.024801991
  6 0.014821429 0.016781079
  7 0.0065385714 0.0089496542
  8    0.00234 0.0050314014
  9 0.00066857143 0.0020209523
 10 0.00011857143 0.00029109795
 11 2.5714286e-05 8.4010273e-05
 13 1.4285714e-06 8.2100699e-06
 16 1.4285714e-06 8.2100699e-06
 17 1.4285714e-06 8.2100699e-06
 18    1.0e-05 5.7470489e-05
 19 0.00018142857 0.00095175312
 20 0.00031857143 0.0015404619
 21    0.00131 0.003873409
 22 0.0034185714 0.0087549491
 23    0.00701 0.012326414
 24 0.017032857 0.033179127
 25 0.022247143 0.039176917
 26 0.031058571 0.051164908
 27 0.037518571 0.050311578
 28 0.046038571 0.047532631
 29 0.050417143 0.046051399
 30 0.063302857 0.046335184
 31 0.076117143 0.048286076
 32 0.089242857 0.061485291
 33 0.080222857 0.057138093
 34    0.07343 0.040720608
 35 0.084022857 0.055563084
 36 0.076928571 0.053336966
 37 0.064764286 0.057147095
 38    0.04933 0.050603048
 39 0.042292857 0.05001471
 40 0.030424286 0.036611998
 41 0.021325714 0.035863283
 42 0.014187143 0.032874307
 43 0.0079457143 0.026624027
 44 0.0054514286 0.02267283
 45 0.0024928571 0.0098933743
 46 0.0018085714 0.0079075238
 47    0.00014 0.00050742487
 48 5.7142857e-06 2.2538597e-05


